ID: 57408b98-8fb9-4feb-8012-f48f102fbd53|AccountID: 3a686f46-5a84-4227-8694-95095cae5c9f|OperationTypesID: 3|Amount: 100|EventDate: 2023-07-21 09:51:25.6117391 -0300 -03 m=+72.824814801
ID: 8735ae4c-8582-430f-8657-3ef6961efe29|AccountID: 3a686f46-5a84-4227-8694-95095cae5c9f|OperationTypesID: 3|Amount: 100|EventDate: 2023-07-21 10:00:57.7323844 -0300 -03 m=+2.173401301
ID: c55122f4-e132-4528-a4c5-1d113d532951|AccountID: 3a686f46-5a84-4227-8694-95095cae5c9f|OperationTypesID: 3|Amount: 150|EventDate: 2023-07-21 10:01:36.9634326 -0300 -03 m=+41.404449501
